============================
      STRUCTURAL RESULTS    
============================

-----------------
Deflection 0.000198529

-----------------
fx 1.52591e-12

-----------------
fy 1.83752e-13

MATRIX
----------------

SA
----------------

                mod1      mod2      mod3      mod4      mod5      mod6      mod7      mod8      mod9     mod10
    floor1         2         5         8        11        14        17        20        23        26        29
    floor2         5        16        28        40        52        64        76        88       100       112
    floor3         8        28        54        81       108       135       162       189       216       243
    floor4        11        40        81       128       176       224       272       320       368       416
    floor5        14        52       108       176       250       325       400       475       550       625
    floor6        17        64       135       224       325       432       540       648       756       864
    floor7        20        76       162       272       400       540       686       833       980      1127
    floor8        23        88       189       320       475       648       833      1024      1216      1408
    floor9        26       100       216       368       550       756       980      1216      1458      1701
   floor10        29       112       243       416       625       864      1127      1408      1701      2000

Sx
----------------

                mod1      mod2      mod3      mod4      mod5      mod6      mod7      mod8      mod9     mod10
    floor1  3.05e-12  7.63e-12  1.22e-11  1.68e-11  2.14e-11  2.59e-11  3.05e-11  3.51e-11  3.97e-11  4.43e-11
    floor2  7.63e-12  2.44e-11  4.27e-11  6.10e-11  7.93e-11  9.77e-11  1.16e-10  1.34e-10  1.53e-10  1.71e-10
    floor3  1.22e-11  4.27e-11  8.24e-11  1.24e-10  1.65e-10  2.06e-10  2.47e-10  2.88e-10  3.30e-10  3.71e-10
    floor4  1.68e-11  6.10e-11  1.24e-10  1.95e-10  2.69e-10  3.42e-10  4.15e-10  4.88e-10  5.62e-10  6.35e-10
    floor5  2.14e-11  7.93e-11  1.65e-10  2.69e-10  3.81e-10  4.96e-10  6.10e-10  7.25e-10  8.39e-10  9.54e-10
    floor6  2.59e-11  9.77e-11  2.06e-10  3.42e-10  4.96e-10  6.59e-10  8.24e-10  9.89e-10  1.15e-09  1.32e-09
    floor7  3.05e-11  1.16e-10  2.47e-10  4.15e-10  6.10e-10  8.24e-10  1.05e-09  1.27e-09  1.50e-09  1.72e-09
    floor8  3.51e-11  1.34e-10  2.88e-10  4.88e-10  7.25e-10  9.89e-10  1.27e-09  1.56e-09  1.86e-09  2.15e-09
    floor9  3.97e-11  1.53e-10  3.30e-10  5.62e-10  8.39e-10  1.15e-09  1.50e-09  1.86e-09  2.22e-09  2.60e-09
   floor10  4.43e-11  1.71e-10  3.71e-10  6.35e-10  9.54e-10  1.32e-09  1.72e-09  2.15e-09  2.60e-09  3.05e-09

Sy
----------------

                mod1      mod2      mod3      mod4      mod5      mod6      mod7      mod8      mod9     mod10
    floor1  3.68e-13  9.19e-13  1.47e-12  2.02e-12  2.57e-12  3.12e-12  3.68e-12  4.23e-12  4.78e-12  5.33e-12
    floor2  9.19e-13  2.94e-12  5.15e-12  7.35e-12  9.56e-12  1.18e-11  1.40e-11  1.62e-11  1.84e-11  2.06e-11
    floor3  1.47e-12  5.15e-12  9.92e-12  1.49e-11  1.98e-11  2.48e-11  2.98e-11  3.47e-11  3.97e-11  4.47e-11
    floor4  2.02e-12  7.35e-12  1.49e-11  2.35e-11  3.23e-11  4.12e-11  5.00e-11  5.88e-11  6.76e-11  7.64e-11
    floor5  2.57e-12  9.56e-12  1.98e-11  3.23e-11  4.59e-11  5.97e-11  7.35e-11  8.73e-11  1.01e-10  1.15e-10
    floor6  3.12e-12  1.18e-11  2.48e-11  4.12e-11  5.97e-11  7.94e-11  9.92e-11  1.19e-10  1.39e-10  1.59e-10
    floor7  3.68e-12  1.40e-11  2.98e-11  5.00e-11  7.35e-11  9.92e-11  1.26e-10  1.53e-10  1.80e-10  2.07e-10
    floor8  4.23e-12  1.62e-11  3.47e-11  5.88e-11  8.73e-11  1.19e-10  1.53e-10  1.88e-10  2.23e-10  2.59e-10
    floor9  4.78e-12  1.84e-11  3.97e-11  6.76e-11  1.01e-10  1.39e-10  1.80e-10  2.23e-10  2.68e-10  3.13e-10
   floor10  5.33e-12  2.06e-11  4.47e-11  7.64e-11  1.15e-10  1.59e-10  2.07e-10  2.59e-10  3.13e-10  3.68e-10

M
----------------

                mod1      mod2      mod3      mod4      mod5      mod6      mod7      mod8      mod9     mod10     mod11     mod12     mod13
    floor1       540         0         0         0         0         0         0         0         0         0         0         0         0
    floor2         0       526         0         0         0         0         0         0         0         0         0         0         0
    floor3         0         0       524         0         0         0         0         0         0         0         0         0         0
    floor4         0         0         0       522         0         0         0         0         0         0         0         0         0
    floor5         0         0         0         0       522         0         0         0         0         0         0         0         0
    floor6         0         0         0         0         0       507         0         0         0         0         0         0         0
    floor7         0         0         0         0         0         0       491         0         0         0         0         0         0
    floor8         0         0         0         0         0         0         0       492         0         0         0         0         0
    floor9         0         0         0         0         0         0         0         0       492         0         0         0         0
   floor10         0         0         0         0         0         0         0         0         0       454         0         0         0
   floor11         0         0         0         0         0         0         0         0         0         0       381         0         0
   floor12         0         0         0         0         0         0         0         0         0         0         0       330         0
   floor13         0         0         0         0         0         0         0         0         0         0         0         0         6

Dx
----------------

                mod1      mod2      mod3      mod4      mod5      mod6      mod7      mod8      mod9     mod10
    floor1  1.65e-09  4.01e-09  6.40e-09  8.76e-09  1.12e-08  1.32e-08  1.50e-08  1.73e-08  1.95e-08  2.01e-08
    floor2  4.12e-09  1.28e-08  2.24e-08  3.19e-08  4.14e-08  4.95e-08  5.69e-08  6.61e-08  7.51e-08  7.77e-08
    floor3  6.59e-09  2.25e-08  4.32e-08  6.45e-08  8.61e-08  1.04e-07  1.21e-07  1.42e-07  1.62e-07  1.69e-07
    floor4  9.06e-09  3.21e-08  6.48e-08  1.02e-07  1.40e-07  1.73e-07  2.04e-07  2.40e-07  2.76e-07  2.89e-07
    floor5  1.15e-08  4.18e-08  8.64e-08  1.40e-07  1.99e-07  2.51e-07  3.00e-07  3.57e-07  4.13e-07  4.33e-07
    floor6  1.40e-08  5.14e-08  1.08e-07  1.78e-07  2.59e-07  3.34e-07  4.04e-07  4.87e-07  5.68e-07  5.99e-07
    floor7  1.65e-08  6.10e-08  1.30e-07  2.17e-07  3.19e-07  4.18e-07  5.14e-07  6.26e-07  7.36e-07  7.82e-07
    floor8  1.89e-08  7.07e-08  1.51e-07  2.55e-07  3.79e-07  5.01e-07  6.24e-07  7.69e-07  9.13e-07  9.76e-07
    floor9  2.14e-08  8.03e-08  1.73e-07  2.93e-07  4.38e-07  5.85e-07  7.34e-07  9.13e-07  1.09e-06  1.18e-06
   floor10  2.39e-08  8.99e-08  1.94e-07  3.31e-07  4.98e-07  6.68e-07  8.44e-07  1.06e-06  1.28e-06  1.39e-06

Dy
----------------

                mod1      mod2      mod3      mod4      mod5      mod6      mod7      mod8      mod9     mod10
    floor1  1.98e-10  4.83e-10  7.70e-10  1.06e-09  1.34e-09  1.58e-09  1.80e-09  2.08e-09  2.35e-09  2.42e-09
    floor2  4.96e-10  1.55e-09  2.70e-09  3.84e-09  4.99e-09  5.96e-09  6.85e-09  7.96e-09  9.04e-09  9.35e-09
    floor3  7.93e-10  2.71e-09  5.20e-09  7.77e-09  1.04e-08  1.26e-08  1.46e-08  1.71e-08  1.95e-08  2.03e-08
    floor4  1.09e-09  3.87e-09  7.80e-09  1.23e-08  1.69e-08  2.09e-08  2.45e-08  2.89e-08  3.33e-08  3.47e-08
    floor5  1.39e-09  5.03e-09  1.04e-08  1.69e-08  2.40e-08  3.03e-08  3.61e-08  4.30e-08  4.97e-08  5.22e-08
    floor6  1.69e-09  6.19e-09  1.30e-08  2.15e-08  3.12e-08  4.02e-08  4.87e-08  5.86e-08  6.84e-08  7.22e-08
    floor7  1.98e-09  7.35e-09  1.56e-08  2.61e-08  3.84e-08  5.03e-08  6.19e-08  7.53e-08  8.86e-08  9.41e-08
    floor8  2.28e-09  8.51e-09  1.82e-08  3.07e-08  4.56e-08  6.04e-08  7.51e-08  9.26e-08  1.10e-07  1.18e-07
    floor9  2.58e-09  9.67e-09  2.08e-08  3.53e-08  5.28e-08  7.04e-08  8.84e-08  1.10e-07  1.32e-07  1.42e-07
   floor10  2.88e-09  1.08e-08  2.34e-08  3.99e-08  6.00e-08  8.05e-08  1.02e-07  1.27e-07  1.54e-07  1.67e-07

phi
----------------

                mod1      mod2      mod3      mod4      mod5      mod6      mod7      mod8      mod9     mod10
    floor1  9.48e-03  3.98e-02  4.93e-02  5.25e-02  5.38e-02  5.44e-02  5.48e-02  5.50e-02  5.51e-02  5.52e-02
    floor2  3.62e-02  1.35e-01  1.62e-01  1.71e-01  1.75e-01  1.76e-01  1.77e-01  1.78e-01  1.78e-01  1.78e-01
    floor3  7.75e-02  2.49e-01  2.90e-01  3.02e-01  3.07e-01  3.09e-01  3.10e-01  3.11e-01  3.11e-01  3.12e-01
    floor4  1.31e-01  3.53e-01  3.93e-01  4.04e-01  4.09e-01  4.10e-01  4.11e-01  4.12e-01  4.12e-01  4.13e-01
    floor5  1.94e-01  4.24e-01  4.50e-01  4.55e-01  4.57e-01  4.58e-01  4.59e-01  4.59e-01  4.59e-01  4.59e-01
    floor6  2.64e-01  4.48e-01  4.51e-01  4.50e-01  4.49e-01  4.49e-01  4.48e-01  4.48e-01  4.48e-01  4.48e-01
    floor7  3.39e-01  4.24e-01  4.04e-01  3.96e-01  3.93e-01  3.92e-01  3.91e-01  3.90e-01  3.90e-01  3.90e-01
    floor8  4.17e-01  3.61e-01  3.22e-01  3.10e-01  3.05e-01  3.03e-01  3.02e-01  3.01e-01  3.00e-01  3.00e-01
    floor9  4.97e-01  2.72e-01  2.19e-01  2.05e-01  1.99e-01  1.97e-01  1.95e-01  1.95e-01  1.94e-01  1.94e-01
   floor10  5.77e-01  1.70e-01  1.09e-01  9.27e-02  8.70e-02  8.44e-02  8.30e-02  8.22e-02  8.16e-02  8.12e-02

LA
----------------

                mod1      mod2      mod3      mod4      mod5      mod6      mod7      mod8      mod9     mod10
    floor1  4.32e-06  0.00e+00  0.00e+00  0.00e+00  0.00e+00  0.00e+00  0.00e+00  0.00e+00  0.00e+00  0.00e+00
    floor2  0.00e+00  1.13e-07  0.00e+00  0.00e+00  0.00e+00  0.00e+00  0.00e+00  0.00e+00  0.00e+00  0.00e+00
    floor3  0.00e+00  0.00e+00  1.43e-08  0.00e+00  0.00e+00  0.00e+00  0.00e+00  0.00e+00  0.00e+00  0.00e+00
    floor4  0.00e+00  0.00e+00  0.00e+00  3.75e-09  0.00e+00  0.00e+00  0.00e+00  0.00e+00  0.00e+00  0.00e+00
    floor5  0.00e+00  0.00e+00  0.00e+00  0.00e+00  1.37e-09  0.00e+00  0.00e+00  0.00e+00  0.00e+00  0.00e+00
    floor6  0.00e+00  0.00e+00  0.00e+00  0.00e+00  0.00e+00  6.19e-10  0.00e+00  0.00e+00  0.00e+00  0.00e+00
    floor7  0.00e+00  0.00e+00  0.00e+00  0.00e+00  0.00e+00  0.00e+00  3.25e-10  0.00e+00  0.00e+00  0.00e+00
    floor8  0.00e+00  0.00e+00  0.00e+00  0.00e+00  0.00e+00  0.00e+00  0.00e+00  1.96e-10  0.00e+00  0.00e+00
    floor9  0.00e+00  0.00e+00  0.00e+00  0.00e+00  0.00e+00  0.00e+00  0.00e+00  0.00e+00  1.33e-10  0.00e+00
   floor10  0.00e+00  0.00e+00  0.00e+00  0.00e+00  0.00e+00  0.00e+00  0.00e+00  0.00e+00  0.00e+00  1.07e-10

